Network
0.000989
361
0.100000
0.000000
3
35
10
26
-0.501821
-1.571383
-1.197538
-1.175266
0.269796
1.437610
0.083031
-1.269251
-1.060303
0.483576
-1.150959
2.219789
0.047430
-0.265824
-1.189849
-1.049920
-0.263181
0.505502
-1.987564
1.139520
-0.463664
-0.457097
0.900586
1.059514
-2.612929
-2.015111
-1.073495
1.425992
-1.765543
3.593633
0.010261
-0.254766
2.111533
2.574280
0.901706
0.627569
0.905648
-1.177793
0.645145
-0.208411
0.312344
-0.867970
1.724905
0.457933
-0.955094
1.059735
1.021164
0.600407
-0.575151
-1.078443
-0.110021
0.997904
0.170379
0.034873
0.267990
-0.456570
0.003722
1.749058
-0.662272
-0.556264
-0.608321
-0.206982
0.512102
-0.522394
0.471787
0.273521
0.509688
-0.556177
1.542344
0.705587
1.307048
0.009247
-0.045785
-3.194768
0.350279
0.425940
1.256459
-0.204732
-1.525886
1.080119
0.795267
0.008191
0.261338
-0.181401
-0.843704
0.458018
-0.276490
-0.035160
0.698667
-1.561634
0.362133
0.901740
0.400099
-0.510576
-0.258910
1.140575
0.959269
-0.435683
1.456335
0.524314
1.201347
0.396638
0.625987
-3.601896
1.931645
-0.978732
-0.291767
0.100836
0.996679
1.095063
1.154107
1.081866
0.520388
1.137243
-0.472917
1.229651
-0.412247
1.042188
-1.889518
0.171335
-1.324658
0.516610
-0.106548
-0.479268
-1.182653
0.809270
-1.062072
1.811009
-0.565977
-0.655601
0.564870
-0.272841
-0.775559
-1.533074
0.891957
-0.669168
-1.060345
1.213930
-0.953025
2.234872
-1.216190
-0.109886
-1.960988
2.494498
-1.125021
-1.227785
-0.654604
-0.534101
-0.824234
-0.182842
0.146862
1.012135
0.849172
-1.124664
-0.262071
-0.308145
-0.632135
0.051258
-0.020764
3.021682
0.522385
-0.251936
-0.264731
-1.583283
3.943033
-0.083669
0.965262
-0.384900
0.353673
1.230889
0.298620
0.585529
0.953843
-0.004873
1.740824
-0.514783
-0.661821
-0.983846
-1.772199
1.416279
0.654662
0.004990
0.817110
0.755405
0.334253
1.005848
-1.551869
-0.671945
-0.521803
1.372838
0.396450
-1.669920
0.727464
1.519642
0.683829
-0.229211
-1.033247
-0.814153
0.561911
-0.835553
-2.626969
0.206358
0.194856
3.631152
2.957589
2.233830
0.610479
-0.508240
0.311750
1.175579
-0.357468
-1.117503
-0.521510
-1.030070
0.292670
1.417823
-0.101898
0.154310
1.876444
0.694168
0.401558
0.203343
0.775922
-0.283817
-0.530269
-0.179120
-0.727700
0.578739
0.681845
-0.173521
-1.647407
-0.704201
0.427537
0.064431
1.501214
0.447265
1.575632
-0.032284
-1.474535
0.199854
-0.851577
0.593771
-0.888040
0.220324
1.702813
-1.831844
0.124472
-1.824106
0.098495
0.243953
1.029988
-3.769720
-0.332818
1.549077
-0.053688
0.551576
0.816434
-2.512766
-1.579345
1.209065
-0.073509
0.293812
2.102113
0.911114
-1.207945
0.895233
0.002926
1.341826
0.634774
-2.062504
-2.878504
-0.933923
-1.461838
1.200954
0.884783
-2.123350
-1.470221
-0.057393
0.936986
-0.002779
-1.956594
-2.353037
-0.736862
0.195930
1.116306
1.115696
0.008311
-0.398808
-0.070211
2.166761
-1.783271
-1.076353
-0.895092
2.610982
-0.119242
0.146930
-1.094523
-0.996724
1.073709
0.059616
-0.723417
-0.854810
1.949022
0.175042
-1.832499
1.236994
0.808546
0.916303
-3.222395
-1.711163
0.046166
0.146453
-3.215938
-0.077152
-0.239478
0.055338
-0.436998
-1.608955
3.587647
-1.994827
1.528342
0.896284
0.826376
-0.730496
0.409762
1.342729
-1.522639
-0.907369
0.396110
1.288423
1.711345
0.519165
0.675656
1.363314
-0.862833
1.021184
2.056682
-0.011184
0.093086
-3.279263
0.649981
-0.231525
-1.669317
-1.286227
0.463428
0.954200
-0.864569
-1.925485
1.717983
-1.483835
1.397440
0.353995
-0.660149
-1.489089
-0.146824
-1.454937
-1.074314
1.416768
0.364157
0.410327
-2.173683
-2.242553
-0.358944
-0.311174
1.812944
3.961677
-2.913640
-0.787298
-1.908378
-4.608820
-4.984430
-1.499362
-1.906210
-2.253771
-1.188938
-2.843889
-3.348620
-2.762668
0.866746
2.850580
3.968365
-4.192454
-2.213359
3.294611
-2.460952
2.284747
-4.791918
-4.357336
-3.568223
0.337764
1.012272
0.272366
0.880099
-1.255372
-1.823898
-1.697835
-4.341738
-4.132595
1.940968
-3.150680
1.630987
2.650396
-3.138893
-1.972542
-3.254179
2.949538
-1.620569
-1.204555
0.173155
-2.771956
-3.565916
1.464107
-2.830809
-2.071918
1.805708
-1.543104
-3.927209
-0.825949
-1.408576
0.579190
-2.338393
-3.799719
2.152786
-4.126441
-2.837499
1.819659
-3.236043
-2.304312
-2.115605
0.908013
-4.195155
-3.209150
2.484511
-0.035848
2.726800
-3.881839
2.439102
-1.495890
-1.993927
-0.305488
-1.100936
0.424223
2.222475
-4.903375
-4.108986
-2.730643
3.424890
-2.069853
-1.105626
-1.248839
0.123318
2.696720
-4.127944
-3.206720
1.216627
0.979938
-3.017518
-3.188068
-4.193814
-3.646953
2.459143
-2.273922
5.400184
0.082639
-2.653587
-0.222263
-4.025321
-2.588839
-0.609896
0.907862
-2.485292
3.408775
-2.056155
-3.636695
-0.544448
-3.107082
1.838570
-3.868932
-3.616377
-2.857075
1.990872
-0.707686
0.813454
-1.777916
-1.514044
-0.353384
-3.893597
-4.350579
-4.939814
3.173451
-1.541802
2.080103
-3.727986
-3.431479
-3.481242
-0.233478
1.665912
2.899957
-0.842867
-4.435451
4.264134
-2.054032
1.538547
-1.776785
-3.780686
-0.686302
-0.252380
-3.377306
2.687476
0.759084
-3.574602
-3.139687
-3.339594
2.444107
-1.941898
-0.960258
-2.813540
4.000181
-4.898956
2.403277
-3.319232
0.535996
1.167948
-2.876541
-2.046207
-1.366723
-3.059569
-0.831375
-1.080050
2.041788
-3.948759
-3.159638
0.252511
2.860147
-4.170447
-3.689913
-3.577415
3.158330
-2.451390
1.572029
-1.353332
2.359510
1.963661
-1.782501
1.573718
-3.026532
-4.701081
0.748073
-0.681440
-0.222714
-1.602976
1.195081
-2.521399
1.416222
-4.225590
-2.206083
-3.542800
-5.534754
-1.996798
3.208076
-1.785194
-1.794034
0.093519
-2.813114
-2.521186
0.788736
-4.203964
3.206296
-3.701679
-2.824235
-2.114484
-4.878734
2.031510
2.685511
-1.915294
1.073628
1.282866
-3.123219
0.664634
-2.124211
-3.770326
0.480676
-4.080678
-1.730541
-4.265877
2.265801
-3.181815
-0.434832
1.864707
4.333731
2.142449
-1.328348
4.661009
-2.513703
-1.042022
-3.186713
3.222502
-3.361113
-3.372853
-1.790763
-2.248610
0.702085
-2.810860
-1.840349
-2.650097
1.706074
-4.774715
3.479673
0.098349
0.736344
-3.405812
2.940042
-2.564753
-3.076435
-2.303663
-3.860755
-1.064904
0.393861
0.051852
1.615029
-5.237786
-3.708143
3.651443
2.193799
-1.209238
-1.750291
-1.895869
-2.139001
-4.724352
-3.935593
0.486613
0.329807
-3.461676
3.071262
2.199707
-2.637171
-2.155735
-1.226576
-0.290096
-0.367546
-4.067302
1.842947
-5.403625
2.930154
3.090039
-2.130592
