Network
3
35
10
26
0.011723
2.342971
0.528298
-0.807317
0.834253
0.220157
-1.271314
-0.329285
-0.235727
-0.857023
-1.634588
-0.533777
0.053963
-0.198136
1.119292
-0.543086
-1.164333
0.448668
-0.045224
-0.432163
-1.931655
-1.808962
1.006745
-1.791485
2.606988
1.662413
-1.217057
-0.077770
0.521300
0.076416
-0.747690
1.419246
1.363770
3.254726
1.918087
0.439438
1.461021
0.474207
0.490673
1.342917
1.389271
1.300247
-0.604603
0.540646
-0.732436
1.073755
0.040177
1.070090
-1.139633
1.519543
-0.016443
-1.154951
0.725403
-0.428867
0.690584
-1.643503
-0.076090
-0.096346
0.303862
2.273499
-1.922595
-3.044447
-1.225948
0.697020
1.685031
1.884816
-1.345227
-0.525704
0.060541
-0.027814
-0.601178
-1.367880
0.191855
-0.778948
0.717291
1.322919
0.260997
-2.887396
-0.420831
-1.340040
-0.814028
-1.432852
-0.045851
0.617390
-0.543738
-1.264847
-1.473981
-0.582163
2.563575
1.304426
-0.320144
0.645919
0.401579
2.178394
0.337942
-1.155839
1.434426
0.126504
-0.119011
-0.133058
-0.967298
1.429851
-1.231762
1.248961
-1.564732
-0.991093
-0.356230
1.127245
0.219532
-0.023974
-0.151550
-0.142945
-0.805992
2.564013
1.293227
0.529698
-1.424469
0.784626
-1.510893
-0.094670
0.720487
-1.368125
0.845328
-1.303356
0.229100
2.112950
1.013393
1.562942
-0.634481
0.478204
0.014063
0.198082
1.716124
0.634381
0.461365
-0.304219
1.105968
-1.262809
0.124635
-0.623569
0.303987
-1.794618
-0.342385
-2.155925
-0.135333
-2.008334
-0.955129
-0.487359
-1.978664
-2.301930
1.330118
-0.565751
0.801884
0.844698
-1.506835
0.225713
0.028455
0.722169
0.512721
1.642216
-0.727055
0.663859
1.820069
0.019236
-1.618155
-0.749786
-0.364155
2.177983
-1.724118
2.339098
-0.635613
0.093032
0.799213
1.713882
0.694880
1.672408
1.718598
-1.186147
0.587450
2.629404
0.117531
2.468472
-0.237392
-0.510816
-0.373881
-0.781111
-0.483142
1.327013
1.059617
-0.500479
0.732975
0.810328
0.963753
1.759643
-1.521040
2.434687
-0.300888
-1.152274
-0.993937
-1.089382
1.207312
-0.311955
-1.186294
-1.045243
0.738613
-1.493573
-1.864727
-0.162329
1.015438
-1.221458
-0.958315
2.221285
-0.979914
1.629003
-1.032306
-1.533156
-1.144408
-0.837582
1.538922
2.452360
0.761668
2.045183
-0.596551
0.885496
0.120521
1.235591
-2.330482
-0.748462
0.965288
0.895767
0.432272
-0.638954
-0.486795
-0.220663
-0.292238
-1.270934
1.409204
-0.152628
-0.483862
0.879993
1.033870
0.171380
0.466262
-0.254476
-1.955463
1.353857
0.608039
0.369582
-0.806609
-1.064407
-3.330219
2.644123
0.191468
-0.595950
1.883423
0.831243
1.942341
-1.076364
-0.075937
-0.429066
0.979468
-1.565012
1.000877
-0.568412
1.193538
0.327147
0.068479
0.242610
-0.411490
-1.306162
1.423504
-1.958301
0.749186
0.237671
0.012645
-0.612213
-0.219503
1.030872
0.313644
-0.560831
-0.286173
-0.856496
1.106523
-0.061507
-0.192261
-1.364133
0.979809
-1.265657
-0.488923
0.910682
-1.302650
-0.100478
0.240362
-1.059600
-1.099071
0.948288
1.533228
0.449523
0.683258
0.024488
-1.839582
1.697256
0.226078
2.669268
0.542849
1.529761
-1.425339
1.872944
0.456878
0.591507
-0.022298
1.445007
-0.458463
1.370806
0.292472
0.903124
-0.326071
1.844270
-0.930623
-1.480575
0.205347
-0.599585
0.246239
-2.597392
0.879432
-0.626594
-2.763171
-1.013838
-1.694261
1.198515
0.055588
-0.490151
0.188552
-0.076548
1.022232
-0.081970
0.741528
0.882593
1.120232
-0.079462
-0.309270
-0.839556
-0.156225
-1.875562
1.193308
0.866390
1.071490
0.429688
1.789545
1.082918
1.609426
-0.636838
-1.060340
0.196376
0.416801
-2.243341
1.009750
1.121466
-1.186292
1.357734
-0.596253
-3.602856
-5.015188
0.947225
-1.488360
1.490210
-1.823804
1.814841
0.504609
-0.899636
-4.058075
-3.253120
1.614695
-3.722258
1.109681
0.073990
1.104290
-2.067850
-3.535296
-0.759809
2.705685
-4.158748
-0.563371
-2.577939
2.603349
1.280268
-3.529787
-3.326039
-2.500929
-3.228267
0.910085
-2.269001
-1.340141
-2.528799
0.725170
-2.558670
1.406115
-4.425236
-2.434855
3.048925
-2.205217
0.590627
0.736996
-2.805904
-2.442900
2.643123
-0.282068
2.018124
1.332975
-3.151637
-1.261438
0.393848
-2.424095
-3.701490
-3.632519
-1.821253
-4.678084
1.076877
-0.168726
2.138789
-4.022669
-1.496362
2.513363
-0.661739
-1.895253
-3.096613
-2.652817
3.028240
-3.351766
1.736313
-0.246316
-3.994183
-3.717780
-2.869785
-0.303787
-1.095518
1.193752
-2.455159
-3.528544
-4.738823
1.697925
1.721150
1.576963
-1.504889
-2.466423
-3.669078
0.481335
1.292715
-2.457385
0.143452
1.801585
-3.831511
-3.797257
3.113685
0.534811
-2.449132
0.022915
0.057080
-3.064170
-2.443794
1.190267
0.631473
-2.848727
1.006035
-2.473612
-2.727254
1.977966
-4.993182
0.265169
0.226034
-3.406794
-3.259381
2.366570
0.164285
0.385138
1.895859
-1.519004
0.627328
-6.515938
-0.449754
0.467143
-0.584304
0.942954
-2.271566
1.568397
-2.702742
1.418534
0.615148
-2.937487
-3.996852
-3.403545
0.559432
-1.062110
-3.653239
-1.668878
-2.866808
-2.571861
0.625646
3.581404
2.233309
-3.473057
0.367320
-0.114822
-2.802823
-3.152967
-3.414098
1.258041
-0.136837
-0.282824
2.941597
1.334292
0.544358
-5.272613
0.299803
-1.523795
-3.272222
-2.953168
1.416368
-3.838345
-2.155630
-2.266209
-2.515719
0.457019
2.049609
1.405761
-1.536038
-3.753676
0.219912
0.276303
1.539950
-2.789600
1.153901
-3.977038
-0.326013
1.797944
-4.627617
-3.360062
-3.327375
0.708149
-0.137013
-5.915418
1.430097
-2.801832
2.190112
-0.034893
-0.766360
2.022596
-2.957135
-2.633779
2.330420
0.831212
-2.690444
2.385428
-1.452387
1.131481
-2.450131
0.771165
-5.114415
-0.757345
1.111991
-2.009609
-2.579535
1.875749
2.448999
-2.146716
-2.211790
-0.611961
-3.570242
-4.211864
-2.583677
0.288813
0.301395
-3.338088
-2.136776
-2.650436
3.417281
3.260568
-0.369756
-1.364749
-3.089945
-0.347259
-1.485757
-3.709302
-4.323280
-0.305027
-3.462908
1.182926
-2.990240
-0.366530
1.681350
1.632819
-2.521571
-0.046864
1.835147
-0.282456
-2.166713
-3.276472
2.771967
-2.436716
-4.845003
1.378100
0.135167
-2.755190
-4.201131
0.634503
-4.187480
1.731830
1.994010
-1.524348
-3.719506
0.175755
0.770317
0.403091
-1.697071
0.723189
-4.529046
-3.559347
1.676925
-1.222411
-2.020560
1.530578
-0.627740
-3.796198
1.707774
-1.454373
-0.110311
1.455082
-3.952160
1.977863
-1.158247
1.289363
-3.865083
-2.366060
-4.214200
1.164146
-0.494951
1.708234
1.245620
-3.355873
-2.998790
-2.997405
-2.675976
-0.053251
0.910724
-4.561642
-0.973067
